
------------------------5------------------------
Sync for 5 items: 0
Async for 5 items: 89
9 3 0 7 0
5 7 1 8 3
9 0 7 4 6
2 3 8 9 4
7 1 7 6 4

2 9 9 0 4
6 1 1 5 3
2 2 9 1 3
4 9 6 0 7
5 3 1 6 5

128 294 252 30 188
202 270 224 108 230
156 298 348 86 230
188 260 302 94 248
156 288 334 72 228
------------------------5------------------------


------------------------100------------------------
Sync for 100 items: 11
Async for 100 items: 29
------------------------100------------------------


------------------------500------------------------
Sync for 500 items: 1529
Async for 500 items: 217
------------------------500------------------------


------------------------1000------------------------
Sync for 1000 items: 11143
Async for 1000 items: 1881
------------------------1000------------------------