
------------------------5------------------------
Async for 5 items: 0.006696
Sync for 5 items: 0.0002276
1 4 9 8 2
5 1 1 5 7
1 2 2 1 8
7 1 9 7 5
3 2 3 1 3

7 0 4 8 4
5 7 1 2 6
4 3 2 6 5
6 8 2 9 4
1 3 4 1 8

113 125 50 144 121
81 71 61 100 107
39 52 44 41 94
137 105 81 180 147
52 40 34 58 67
------------------------5------------------------


------------------------100------------------------
Async for 100 items: 0.0010089
Sync for 100 items: 0.005204
------------------------100------------------------


------------------------500------------------------
Async for 500 items: 0.0902521
Sync for 500 items: 0.598482
------------------------500------------------------


------------------------1000------------------------
Async for 1000 items: 0.87442
Sync for 1000 items: 5.03966
------------------------1000------------------------